0;;0
1;18;0
2;19;0
3;18,19;0
3;3,-20;1
4;20;0
5;18,20;0
5;3,-19;1
6;19,20;0
6;3,-18;1
7;3;1
8;21;0
9;18,21;0
10;19,21;0
11;18,19,21;0
11;3,-20,21;1
12;20,21;0
13;18,20,21;0
13;3,-19,21;1
14;19,20,21;0
14;3,-18,21;1
15;3,21;1
16;22;0
17;18,22;0
18;19,22;0
19;18,19,22;0
19;3,-20,22;1
20;20,22;0
21;18,20,22;0
21;3,-19,22;1
22;19,20,22;0
22;3,-18,22;1
23;3,22;1
24;14;0
25;14,18;0
26;14,19;0
27;14,18,19;0
27;3,14,-20;1
28;14,20;0
29;14,18,20;0
29;3,14,-19;1
30;14,19,20;0
30;3,14,-18;1
31;3,14;1
32;23;0
33;18,23;0
34;19,23;0
35;18,19,23;0
35;3,-20,23;1
36;20,23;0
37;18,20,23;0
37;3,-19,23;1
38;19,20,23;0
38;3,-18,23;1
39;3,23;1
40;12;0
41;12,18;0
42;12,19;0
43;12,18,19;0
43;3,12,-20;1
44;12,20;0
45;12,18,20;0
45;3,12,-19;1
46;12,19,20;0
46;3,12,-18;1
47;3,12;1
48;22,23;0
49;18,22,23;0
50;19,22,23;0
51;18,19,22,23;0
51;3,-20,22,23;1
52;20,22,23;0
53;18,20,22,23;0
53;3,-19,22,23;1
54;19,20,22,23;0
54;3,-18,22,23;1
55;3,22,23;1
56;14,23;0
56;12,22;0
56;5,-24;2
57;14,18,23;0
57;12,18,22;0
57;5,18,-24;2
58;14,19,23;0
58;12,19,22;0
58;5,19,-24;2
59;14,18,19,23;0
59;12,18,19,22;0
59;5,18,19,-24;2
59;3,14,-20,23;1
59;3,12,-20,22;1
59;3,5,-20,-24;3
59;0,-4,-20,-24;3
60;14,20,23;0
60;12,20,22;0
60;5,20,-24;2
61;14,18,20,23;0
61;12,18,20,22;0
61;5,18,20,-24;2
61;3,14,-19,23;1
61;3,12,-19,22;1
61;3,5,-19,-24;3
61;0,-4,-19,-24;3
62;14,19,20,23;0
62;12,19,20,22;0
62;5,19,20,-24;2
62;3,14,-18,23;1
62;3,12,-18,22;1
62;3,5,-18,-24;3
62;0,-4,-18,-24;3
63;3,14,23;1
63;3,12,22;1
63;3,5,-24;3
63;0,-4,-24;3
64;24;0
65;18,24;0
66;19,24;0
67;18,19,24;0
67;3,-20,24;1
68;20,24;0
69;18,20,24;0
69;3,-19,24;1
70;19,20,24;0
70;3,-18,24;1
71;3,24;1
72;21,24;0
73;18,21,24;0
74;19,21,24;0
75;18,19,21,24;0
75;3,-20,21,24;1
76;20,21,24;0
77;18,20,21,24;0
77;3,-19,21,24;1
78;19,20,21,24;0
78;3,-18,21,24;1
79;3,21,24;1
80;13;0
81;13,18;0
82;13,19;0
83;13,18,19;0
83;3,13,-20;1
84;13,20;0
85;13,18,20;0
85;3,13,-19;1
86;13,19,20;0
86;3,13,-18;1
87;3,13;1
88;14,24;0
88;13,21;0
88;5,-23;2
89;14,18,24;0
89;13,18,21;0
89;5,18,-23;2
90;14,19,24;0
90;13,19,21;0
90;5,19,-23;2
91;14,18,19,24;0
91;13,18,19,21;0
91;5,18,19,-23;2
91;3,14,-20,24;1
91;3,13,-20,21;1
91;3,5,-20,-23;3
91;0,-4,-20,-23;3
92;14,20,24;0
92;13,20,21;0
92;5,20,-23;2
93;14,18,20,24;0
93;13,18,20,21;0
93;5,18,20,-23;2
93;3,14,-19,24;1
93;3,13,-19,21;1
93;3,5,-19,-23;3
93;0,-4,-19,-23;3
94;14,19,20,24;0
94;13,19,20,21;0
94;5,19,20,-23;2
94;3,14,-18,24;1
94;3,13,-18,21;1
94;3,5,-18,-23;3
94;0,-4,-18,-23;3
95;3,14,24;1
95;3,13,21;1
95;3,5,-23;3
95;0,-4,-23;3
96;15;0
97;15,18;0
98;15,19;0
99;15,18,19;0
99;3,15,-20;1
100;15,20;0
101;15,18,20;0
101;3,15,-19;1
102;15,19,20;0
102;3,15,-18;1
103;3,15;1
104;15,21;0
104;12,24;0
104;5,-22;2
105;15,18,21;0
105;12,18,24;0
105;5,18,-22;2
106;15,19,21;0
106;12,19,24;0
106;5,19,-22;2
107;15,18,19,21;0
107;12,18,19,24;0
107;5,18,19,-22;2
107;3,15,-20,21;1
107;3,12,-20,24;1
107;3,5,-20,-22;3
107;0,-4,-20,-22;3
108;15,20,21;0
108;12,20,24;0
108;5,20,-22;2
109;15,18,20,21;0
109;12,18,20,24;0
109;5,18,20,-22;2
109;3,15,-19,21;1
109;3,12,-19,24;1
109;3,5,-19,-22;3
109;0,-4,-19,-22;3
110;15,19,20,21;0
110;12,19,20,24;0
110;5,19,20,-22;2
110;3,15,-18,21;1
110;3,12,-18,24;1
110;3,5,-18,-22;3
110;0,-4,-18,-22;3
111;3,15,21;1
111;3,12,24;1
111;3,5,-22;3
111;0,-4,-22;3
112;15,22;0
112;13,23;0
112;5,-21;2
113;15,18,22;0
113;13,18,23;0
113;5,18,-21;2
114;15,19,22;0
114;13,19,23;0
114;5,19,-21;2
115;15,18,19,22;0
115;13,18,19,23;0
115;5,18,19,-21;2
115;3,15,-20,22;1
115;3,13,-20,23;1
115;3,5,-20,-21;3
115;0,-4,-20,-21;3
116;15,20,22;0
116;13,20,23;0
116;5,20,-21;2
117;15,18,20,22;0
117;13,18,20,23;0
117;5,18,20,-21;2
117;3,15,-19,22;1
117;3,13,-19,23;1
117;3,5,-19,-21;3
117;0,-4,-19,-21;3
118;15,19,20,22;0
118;13,19,20,23;0
118;5,19,20,-21;2
118;3,15,-18,22;1
118;3,13,-18,23;1
118;3,5,-18,-21;3
118;0,-4,-18,-21;3
119;3,15,22;1
119;3,13,23;1
119;3,5,-21;3
119;0,-4,-21;3
120;5;2
121;5,18;2
122;5,19;2
123;5,18,19;2
123;3,5,-20;3
123;0,-4,-20;3
124;5,20;2
125;5,18,20;2
125;3,5,-19;3
125;0,-4,-19;3
126;5,19,20;2
126;3,5,-18;3
126;0,-4,-18;3
127;3,5;3
127;0,-4;3
128;25;0
129;18,25;0
130;19,25;0
131;18,19,25;0
131;3,-20,25;1
132;20,25;0
133;18,20,25;0
133;3,-19,25;1
134;19,20,25;0
134;3,-18,25;1
135;3,25;1
136;21,25;0
137;18,21,25;0
138;19,21,25;0
139;18,19,21,25;0
139;3,-20,21,25;1
140;20,21,25;0
141;18,20,21,25;0
141;3,-19,21,25;1
142;19,20,21,25;0
142;3,-18,21,25;1
143;3,21,25;1
144;22,25;0
145;18,22,25;0
146;19,22,25;0
147;18,19,22,25;0
147;3,-20,22,25;1
148;20,22,25;0
149;18,20,22,25;0
149;3,-19,22,25;1
150;19,20,22,25;0
150;3,-18,22,25;1
151;3,22,25;1
152;14,25;0
153;14,18,25;0
154;14,19,25;0
155;14,18,19,25;0
155;3,14,-20,25;1
156;14,20,25;0
157;14,18,20,25;0
157;3,14,-19,25;1
158;14,19,20,25;0
158;3,14,-18,25;1
159;3,14,25;1
160;23,25;0
161;18,23,25;0
162;19,23,25;0
163;18,19,23,25;0
163;3,-20,23,25;1
164;20,23,25;0
165;18,20,23,25;0
165;3,-19,23,25;1
166;19,20,23,25;0
166;3,-18,23,25;1
167;3,23,25;1
168;12,25;0
169;12,18,25;0
170;12,19,25;0
171;12,18,19,25;0
171;3,12,-20,25;1
172;12,20,25;0
173;12,18,20,25;0
173;3,12,-19,25;1
174;12,19,20,25;0
174;3,12,-18,25;1
175;3,12,25;1
176;22,23,25;0
177;18,22,23,25;0
178;19,22,23,25;0
179;18,19,22,23,25;0
179;3,-20,22,23,25;1
180;20,22,23,25;0
181;18,20,22,23,25;0
181;3,-19,22,23,25;1
182;19,20,22,23,25;0
182;3,-18,22,23,25;1
183;3,22,23,25;1
184;14,23,25;0
184;12,22,25;0
184;5,-24,25;2
185;14,18,23,25;0
185;12,18,22,25;0
185;5,18,-24,25;2
186;14,19,23,25;0
186;12,19,22,25;0
186;5,19,-24,25;2
187;14,18,19,23,25;0
187;12,18,19,22,25;0
187;5,18,19,-24,25;2
187;3,14,-20,23,25;1
187;3,12,-20,22,25;1
187;3,5,-20,-24,25;3
187;0,-4,-20,-24,25;3
187;0,-20,-24,-26,-27;7
188;14,20,23,25;0
188;12,20,22,25;0
188;5,20,-24,25;2
189;14,18,20,23,25;0
189;12,18,20,22,25;0
189;5,18,20,-24,25;2
189;3,14,-19,23,25;1
189;3,12,-19,22,25;1
189;3,5,-19,-24,25;3
189;0,-4,-19,-24,25;3
189;0,-19,-24,-26,-27;7
190;14,19,20,23,25;0
190;12,19,20,22,25;0
190;5,19,20,-24,25;2
190;3,14,-18,23,25;1
190;3,12,-18,22,25;1
190;3,5,-18,-24,25;3
190;0,-4,-18,-24,25;3
190;0,-18,-24,-26,-27;7
191;3,14,23,25;1
191;3,12,22,25;1
191;3,5,-24,25;3
191;0,-4,-24,25;3
191;0,-24,-26,-27;7
192;24,25;0
193;18,24,25;0
194;19,24,25;0
195;18,19,24,25;0
195;3,-20,24,25;1
196;20,24,25;0
197;18,20,24,25;0
197;3,-19,24,25;1
198;19,20,24,25;0
198;3,-18,24,25;1
199;3,24,25;1
200;21,24,25;0
201;18,21,24,25;0
202;19,21,24,25;0
203;18,19,21,24,25;0
203;3,-20,21,24,25;1
204;20,21,24,25;0
205;18,20,21,24,25;0
205;3,-19,21,24,25;1
206;19,20,21,24,25;0
206;3,-18,21,24,25;1
207;3,21,24,25;1
208;13,25;0
209;13,18,25;0
210;13,19,25;0
211;13,18,19,25;0
211;3,13,-20,25;1
212;13,20,25;0
213;13,18,20,25;0
213;3,13,-19,25;1
214;13,19,20,25;0
214;3,13,-18,25;1
215;3,13,25;1
216;14,24,25;0
216;13,21,25;0
216;5,-23,25;2
217;14,18,24,25;0
217;13,18,21,25;0
217;5,18,-23,25;2
218;14,19,24,25;0
218;13,19,21,25;0
218;5,19,-23,25;2
219;14,18,19,24,25;0
219;13,18,19,21,25;0
219;5,18,19,-23,25;2
219;3,14,-20,24,25;1
219;3,13,-20,21,25;1
219;3,5,-20,-23,25;3
219;0,-4,-20,-23,25;3
219;0,-20,-23,-26,-27;7
220;14,20,24,25;0
220;13,20,21,25;0
220;5,20,-23,25;2
221;14,18,20,24,25;0
221;13,18,20,21,25;0
221;5,18,20,-23,25;2
221;3,14,-19,24,25;1
221;3,13,-19,21,25;1
221;3,5,-19,-23,25;3
221;0,-4,-19,-23,25;3
221;0,-19,-23,-26,-27;7
222;14,19,20,24,25;0
222;13,19,20,21,25;0
222;5,19,20,-23,25;2
222;3,14,-18,24,25;1
222;3,13,-18,21,25;1
222;3,5,-18,-23,25;3
222;0,-4,-18,-23,25;3
222;0,-18,-23,-26,-27;7
223;3,14,24,25;1
223;3,13,21,25;1
223;3,5,-23,25;3
223;0,-4,-23,25;3
223;0,-23,-26,-27;7
224;15,25;0
225;15,18,25;0
226;15,19,25;0
227;15,18,19,25;0
227;3,15,-20,25;1
228;15,20,25;0
229;15,18,20,25;0
229;3,15,-19,25;1
230;15,19,20,25;0
230;3,15,-18,25;1
231;3,15,25;1
232;15,21,25;0
232;12,24,25;0
232;5,-22,25;2
233;15,18,21,25;0
233;12,18,24,25;0
233;5,18,-22,25;2
234;15,19,21,25;0
234;12,19,24,25;0
234;5,19,-22,25;2
235;15,18,19,21,25;0
235;12,18,19,24,25;0
235;5,18,19,-22,25;2
235;3,15,-20,21,25;1
235;3,12,-20,24,25;1
235;3,5,-20,-22,25;3
235;0,-4,-20,-22,25;3
235;0,-20,-22,-26,-27;7
236;15,20,21,25;0
236;12,20,24,25;0
236;5,20,-22,25;2
237;15,18,20,21,25;0
237;12,18,20,24,25;0
237;5,18,20,-22,25;2
237;3,15,-19,21,25;1
237;3,12,-19,24,25;1
237;3,5,-19,-22,25;3
237;0,-4,-19,-22,25;3
237;0,-19,-22,-26,-27;7
238;15,19,20,21,25;0
238;12,19,20,24,25;0
238;5,19,20,-22,25;2
238;3,15,-18,21,25;1
238;3,12,-18,24,25;1
238;3,5,-18,-22,25;3
238;0,-4,-18,-22,25;3
238;0,-18,-22,-26,-27;7
239;3,15,21,25;1
239;3,12,24,25;1
239;3,5,-22,25;3
239;0,-4,-22,25;3
239;0,-22,-26,-27;7
240;15,22,25;0
240;13,23,25;0
240;5,-21,25;2
241;15,18,22,25;0
241;13,18,23,25;0
241;5,18,-21,25;2
242;15,19,22,25;0
242;13,19,23,25;0
242;5,19,-21,25;2
243;15,18,19,22,25;0
243;13,18,19,23,25;0
243;5,18,19,-21,25;2
243;3,15,-20,22,25;1
243;3,13,-20,23,25;1
243;3,5,-20,-21,25;3
243;0,-4,-20,-21,25;3
243;0,-20,-21,-26,-27;7
244;15,20,22,25;0
244;13,20,23,25;0
244;5,20,-21,25;2
245;15,18,20,22,25;0
245;13,18,20,23,25;0
245;5,18,20,-21,25;2
245;3,15,-19,22,25;1
245;3,13,-19,23,25;1
245;3,5,-19,-21,25;3
245;0,-4,-19,-21,25;3
245;0,-19,-21,-26,-27;7
246;15,19,20,22,25;0
246;13,19,20,23,25;0
246;5,19,20,-21,25;2
246;3,15,-18,22,25;1
246;3,13,-18,23,25;1
246;3,5,-18,-21,25;3
246;0,-4,-18,-21,25;3
246;0,-18,-21,-26,-27;7
247;3,15,22,25;1
247;3,13,23,25;1
247;3,5,-21,25;3
247;0,-4,-21,25;3
247;0,-21,-26,-27;7
248;5,25;2
249;5,18,25;2
250;5,19,25;2
251;5,18,19,25;2
251;3,5,-20,25;3
251;0,-4,-20,25;3
251;0,-20,-26,-27;7
252;5,20,25;2
253;5,18,20,25;2
253;3,5,-19,25;3
253;0,-4,-19,25;3
253;0,-19,-26,-27;7
254;5,19,20,25;2
254;3,5,-18,25;3
254;0,-4,-18,25;3
254;0,-18,-26,-27;7
255;3,5,25;3
255;0,-4,25;3
255;0,-26,-27;7
256;26;0
257;18,26;0
258;19,26;0
259;18,19,26;0
259;3,-20,26;1
260;20,26;0
261;18,20,26;0
261;3,-19,26;1
262;19,20,26;0
262;3,-18,26;1
263;3,26;1
264;21,26;0
265;18,21,26;0
266;19,21,26;0
267;18,19,21,26;0
267;3,-20,21,26;1
268;20,21,26;0
269;18,20,21,26;0
269;3,-19,21,26;1
270;19,20,21,26;0
270;3,-18,21,26;1
271;3,21,26;1
272;22,26;0
273;18,22,26;0
274;19,22,26;0
275;18,19,22,26;0
275;3,-20,22,26;1
276;20,22,26;0
277;18,20,22,26;0
277;3,-19,22,26;1
278;19,20,22,26;0
278;3,-18,22,26;1
279;3,22,26;1
280;14,26;0
281;14,18,26;0
282;14,19,26;0
283;14,18,19,26;0
283;3,14,-20,26;1
284;14,20,26;0
285;14,18,20,26;0
285;3,14,-19,26;1
286;14,19,20,26;0
286;3,14,-18,26;1
287;3,14,26;1
288;23,26;0
289;18,23,26;0
290;19,23,26;0
291;18,19,23,26;0
291;3,-20,23,26;1
292;20,23,26;0
293;18,20,23,26;0
293;3,-19,23,26;1
294;19,20,23,26;0
294;3,-18,23,26;1
295;3,23,26;1
296;12,26;0
297;12,18,26;0
298;12,19,26;0
299;12,18,19,26;0
299;3,12,-20,26;1
300;12,20,26;0
301;12,18,20,26;0
301;3,12,-19,26;1
302;12,19,20,26;0
302;3,12,-18,26;1
303;3,12,26;1
304;22,23,26;0
305;18,22,23,26;0
306;19,22,23,26;0
307;18,19,22,23,26;0
307;3,-20,22,23,26;1
308;20,22,23,26;0
309;18,20,22,23,26;0
309;3,-19,22,23,26;1
310;19,20,22,23,26;0
310;3,-18,22,23,26;1
311;3,22,23,26;1
312;14,23,26;0
312;12,22,26;0
312;5,-24,26;2
313;14,18,23,26;0
313;12,18,22,26;0
313;5,18,-24,26;2
314;14,19,23,26;0
314;12,19,22,26;0
314;5,19,-24,26;2
315;14,18,19,23,26;0
315;12,18,19,22,26;0
315;5,18,19,-24,26;2
315;3,14,-20,23,26;1
315;3,12,-20,22,26;1
315;3,5,-20,-24,26;3
315;0,-4,-20,-24,26;3
315;0,-20,-24,-25,-27;7
316;14,20,23,26;0
316;12,20,22,26;0
316;5,20,-24,26;2
317;14,18,20,23,26;0
317;12,18,20,22,26;0
317;5,18,20,-24,26;2
317;3,14,-19,23,26;1
317;3,12,-19,22,26;1
317;3,5,-19,-24,26;3
317;0,-4,-19,-24,26;3
317;0,-19,-24,-25,-27;7
318;14,19,20,23,26;0
318;12,19,20,22,26;0
318;5,19,20,-24,26;2
318;3,14,-18,23,26;1
318;3,12,-18,22,26;1
318;3,5,-18,-24,26;3
318;0,-4,-18,-24,26;3
318;0,-18,-24,-25,-27;7
319;3,14,23,26;1
319;3,12,22,26;1
319;3,5,-24,26;3
319;0,-4,-24,26;3
319;0,-24,-25,-27;7
320;24,26;0
321;18,24,26;0
322;19,24,26;0
323;18,19,24,26;0
323;3,-20,24,26;1
324;20,24,26;0
325;18,20,24,26;0
325;3,-19,24,26;1
326;19,20,24,26;0
326;3,-18,24,26;1
327;3,24,26;1
328;21,24,26;0
329;18,21,24,26;0
330;19,21,24,26;0
331;18,19,21,24,26;0
331;3,-20,21,24,26;1
332;20,21,24,26;0
333;18,20,21,24,26;0
333;3,-19,21,24,26;1
334;19,20,21,24,26;0
334;3,-18,21,24,26;1
335;3,21,24,26;1
336;13,26;0
337;13,18,26;0
338;13,19,26;0
339;13,18,19,26;0
339;3,13,-20,26;1
340;13,20,26;0
341;13,18,20,26;0
341;3,13,-19,26;1
342;13,19,20,26;0
342;3,13,-18,26;1
343;3,13,26;1
344;14,24,26;0
344;13,21,26;0
344;5,-23,26;2
345;14,18,24,26;0
345;13,18,21,26;0
345;5,18,-23,26;2
346;14,19,24,26;0
346;13,19,21,26;0
346;5,19,-23,26;2
347;14,18,19,24,26;0
347;13,18,19,21,26;0
347;5,18,19,-23,26;2
347;3,14,-20,24,26;1
347;3,13,-20,21,26;1
347;3,5,-20,-23,26;3
347;0,-4,-20,-23,26;3
347;0,-20,-23,-25,-27;7
348;14,20,24,26;0
348;13,20,21,26;0
348;5,20,-23,26;2
349;14,18,20,24,26;0
349;13,18,20,21,26;0
349;5,18,20,-23,26;2
349;3,14,-19,24,26;1
349;3,13,-19,21,26;1
349;3,5,-19,-23,26;3
349;0,-4,-19,-23,26;3
349;0,-19,-23,-25,-27;7
350;14,19,20,24,26;0
350;13,19,20,21,26;0
350;5,19,20,-23,26;2
350;3,14,-18,24,26;1
350;3,13,-18,21,26;1
350;3,5,-18,-23,26;3
350;0,-4,-18,-23,26;3
350;0,-18,-23,-25,-27;7
351;3,14,24,26;1
351;3,13,21,26;1
351;3,5,-23,26;3
351;0,-4,-23,26;3
351;0,-23,-25,-27;7
352;15,26;0
353;15,18,26;0
354;15,19,26;0
355;15,18,19,26;0
355;3,15,-20,26;1
356;15,20,26;0
357;15,18,20,26;0
357;3,15,-19,26;1
358;15,19,20,26;0
358;3,15,-18,26;1
359;3,15,26;1
360;15,21,26;0
360;12,24,26;0
360;5,-22,26;2
361;15,18,21,26;0
361;12,18,24,26;0
361;5,18,-22,26;2
362;15,19,21,26;0
362;12,19,24,26;0
362;5,19,-22,26;2
363;15,18,19,21,26;0
363;12,18,19,24,26;0
363;5,18,19,-22,26;2
363;3,15,-20,21,26;1
363;3,12,-20,24,26;1
363;3,5,-20,-22,26;3
363;0,-4,-20,-22,26;3
363;0,-20,-22,-25,-27;7
364;15,20,21,26;0
364;12,20,24,26;0
364;5,20,-22,26;2
365;15,18,20,21,26;0
365;12,18,20,24,26;0
365;5,18,20,-22,26;2
365;3,15,-19,21,26;1
365;3,12,-19,24,26;1
365;3,5,-19,-22,26;3
365;0,-4,-19,-22,26;3
365;0,-19,-22,-25,-27;7
366;15,19,20,21,26;0
366;12,19,20,24,26;0
366;5,19,20,-22,26;2
366;3,15,-18,21,26;1
366;3,12,-18,24,26;1
366;3,5,-18,-22,26;3
366;0,-4,-18,-22,26;3
366;0,-18,-22,-25,-27;7
367;3,15,21,26;1
367;3,12,24,26;1
367;3,5,-22,26;3
367;0,-4,-22,26;3
367;0,-22,-25,-27;7
368;15,22,26;0
368;13,23,26;0
368;5,-21,26;2
369;15,18,22,26;0
369;13,18,23,26;0
369;5,18,-21,26;2
370;15,19,22,26;0
370;13,19,23,26;0
370;5,19,-21,26;2
371;15,18,19,22,26;0
371;13,18,19,23,26;0
371;5,18,19,-21,26;2
371;3,15,-20,22,26;1
371;3,13,-20,23,26;1
371;3,5,-20,-21,26;3
371;0,-4,-20,-21,26;3
371;0,-20,-21,-25,-27;7
372;15,20,22,26;0
372;13,20,23,26;0
372;5,20,-21,26;2
373;15,18,20,22,26;0
373;13,18,20,23,26;0
373;5,18,20,-21,26;2
373;3,15,-19,22,26;1
373;3,13,-19,23,26;1
373;3,5,-19,-21,26;3
373;0,-4,-19,-21,26;3
373;0,-19,-21,-25,-27;7
374;15,19,20,22,26;0
374;13,19,20,23,26;0
374;5,19,20,-21,26;2
374;3,15,-18,22,26;1
374;3,13,-18,23,26;1
374;3,5,-18,-21,26;3
374;0,-4,-18,-21,26;3
374;0,-18,-21,-25,-27;7
375;3,15,22,26;1
375;3,13,23,26;1
375;3,5,-21,26;3
375;0,-4,-21,26;3
375;0,-21,-25,-27;7
376;5,26;2
377;5,18,26;2
378;5,19,26;2
379;5,18,19,26;2
379;3,5,-20,26;3
379;0,-4,-20,26;3
379;0,-20,-25,-27;7
380;5,20,26;2
381;5,18,20,26;2
381;3,5,-19,26;3
381;0,-4,-19,26;3
381;0,-19,-25,-27;7
382;5,19,20,26;2
382;3,5,-18,26;3
382;0,-4,-18,26;3
382;0,-18,-25,-27;7
383;3,5,26;3
383;0,-4,26;3
383;0,-25,-27;7
384;25,26;0
384;4,-27;4
385;18,25,26;0
385;4,18,-27;4
386;19,25,26;0
386;4,19,-27;4
387;18,19,25,26;0
387;4,18,19,-27;4
387;3,-20,25,26;1
387;3,4,-20,-27;5
387;0,-5,-20,-27;5
388;20,25,26;0
388;4,20,-27;4
389;18,20,25,26;0
389;4,18,20,-27;4
389;3,-19,25,26;1
389;3,4,-19,-27;5
389;0,-5,-19,-27;5
390;19,20,25,26;0
390;4,19,20,-27;4
390;3,-18,25,26;1
390;3,4,-18,-27;5
390;0,-5,-18,-27;5
391;3,25,26;1
391;3,4,-27;5
391;0,-5,-27;5
392;21,25,26;0
392;4,21,-27;4
393;18,21,25,26;0
393;4,18,21,-27;4
394;19,21,25,26;0
394;4,19,21,-27;4
395;18,19,21,25,26;0
395;4,18,19,21,-27;4
395;3,-20,21,25,26;1
395;3,4,-20,21,-27;5
395;0,-5,-20,21,-27;5
395;0,-13,-20,-23,-27;7
395;0,-15,-20,-22,-27;7
396;20,21,25,26;0
396;4,20,21,-27;4
397;18,20,21,25,26;0
397;4,18,20,21,-27;4
397;3,-19,21,25,26;1
397;3,4,-19,21,-27;5
397;0,-5,-19,21,-27;5
397;0,-13,-19,-23,-27;7
397;0,-15,-19,-22,-27;7
398;19,20,21,25,26;0
398;4,19,20,21,-27;4
398;3,-18,21,25,26;1
398;3,4,-18,21,-27;5
398;0,-5,-18,21,-27;5
398;0,-13,-18,-23,-27;7
398;0,-15,-18,-22,-27;7
399;3,21,25,26;1
399;3,4,21,-27;5
399;0,-5,21,-27;5
399;0,-13,-23,-27;7
399;0,-15,-22,-27;7
400;22,25,26;0
400;4,22,-27;4
401;18,22,25,26;0
401;4,18,22,-27;4
402;19,22,25,26;0
402;4,19,22,-27;4
403;18,19,22,25,26;0
403;4,18,19,22,-27;4
403;3,-20,22,25,26;1
403;3,4,-20,22,-27;5
403;0,-5,-20,22,-27;5
403;0,-12,-20,-24,-27;7
403;0,-15,-20,-21,-27;7
404;20,22,25,26;0
404;4,20,22,-27;4
405;18,20,22,25,26;0
405;4,18,20,22,-27;4
405;3,-19,22,25,26;1
405;3,4,-19,22,-27;5
405;0,-5,-19,22,-27;5
405;0,-12,-19,-24,-27;7
405;0,-15,-19,-21,-27;7
406;19,20,22,25,26;0
406;4,19,20,22,-27;4
406;3,-18,22,25,26;1
406;3,4,-18,22,-27;5
406;0,-5,-18,22,-27;5
406;0,-12,-18,-24,-27;7
406;0,-15,-18,-21,-27;7
407;3,22,25,26;1
407;3,4,22,-27;5
407;0,-5,22,-27;5
407;0,-12,-24,-27;7
407;0,-15,-21,-27;7
408;14,25,26;0
408;4,14,-27;4
409;14,18,25,26;0
409;4,14,18,-27;4
410;14,19,25,26;0
410;4,14,19,-27;4
411;0,-15,-20,-27;7
412;14,20,25,26;0
412;4,14,20,-27;4
413;0,-15,-19,-27;7
414;0,-15,-18,-27;7
415;0,-15,-27;7
416;23,25,26;0
416;4,23,-27;4
417;18,23,25,26;0
417;4,18,23,-27;4
418;19,23,25,26;0
418;4,19,23,-27;4
419;18,19,23,25,26;0
419;4,18,19,23,-27;4
419;3,-20,23,25,26;1
419;3,4,-20,23,-27;5
419;0,-5,-20,23,-27;5
419;0,-13,-20,-21,-27;7
419;0,-14,-20,-24,-27;7
420;20,23,25,26;0
420;4,20,23,-27;4
421;18,20,23,25,26;0
421;4,18,20,23,-27;4
421;3,-19,23,25,26;1
421;3,4,-19,23,-27;5
421;0,-5,-19,23,-27;5
421;0,-13,-19,-21,-27;7
421;0,-14,-19,-24,-27;7
422;19,20,23,25,26;0
422;4,19,20,23,-27;4
422;3,-18,23,25,26;1
422;3,4,-18,23,-27;5
422;0,-5,-18,23,-27;5
422;0,-13,-18,-21,-27;7
422;0,-14,-18,-24,-27;7
423;3,23,25,26;1
423;3,4,23,-27;5
423;0,-5,23,-27;5
423;0,-13,-21,-27;7
423;0,-14,-24,-27;7
424;12,25,26;0
424;4,12,-27;4
425;12,18,25,26;0
425;4,12,18,-27;4
426;12,19,25,26;0
426;4,12,19,-27;4
427;0,-13,-20,-27;7
428;12,20,25,26;0
428;4,12,20,-27;4
429;0,-13,-19,-27;7
430;0,-13,-18,-27;7
431;0,-13,-27;7
432;22,23,25,26;0
432;4,22,23,-27;4
433;18,22,23,25,26;0
433;4,18,22,23,-27;4
434;19,22,23,25,26;0
434;4,19,22,23,-27;4
435;0,-20,-21,-24,-27;7
436;20,22,23,25,26;0
436;4,20,22,23,-27;4
437;0,-19,-21,-24,-27;7
438;0,-18,-21,-24,-27;7
439;0,-21,-24,-27;7
440;14,23,25,26;0
440;12,22,25,26;0
440;5,-24,25,26;2
440;4,14,23,-27;4
440;4,12,22,-27;4
440;4,5,-24,-27;6
440;0,-3,-24,-27;6
441;14,18,23,25,26;0
441;12,18,22,25,26;0
441;5,18,-24,25,26;2
441;4,14,18,23,-27;4
441;4,12,18,22,-27;4
441;4,5,18,-24,-27;6
441;0,-3,18,-24,-27;6
441;0,-19,-20,-24,-27;7
442;14,19,23,25,26;0
442;12,19,22,25,26;0
442;5,19,-24,25,26;2
442;4,14,19,23,-27;4
442;4,12,19,22,-27;4
442;4,5,19,-24,-27;6
442;0,-3,19,-24,-27;6
442;0,-18,-20,-24,-27;7
443;0,-20,-24,-27;7
444;14,20,23,25,26;0
444;12,20,22,25,26;0
444;5,20,-24,25,26;2
444;4,14,20,23,-27;4
444;4,12,20,22,-27;4
444;4,5,20,-24,-27;6
444;0,-3,20,-24,-27;6
444;0,-18,-19,-24,-27;7
445;0,-19,-24,-27;7
446;0,-18,-24,-27;7
447;0,-24,-27;7
448;24,25,26;0
448;4,24,-27;4
449;18,24,25,26;0
449;4,18,24,-27;4
450;19,24,25,26;0
450;4,19,24,-27;4
451;18,19,24,25,26;0
451;4,18,19,24,-27;4
451;3,-20,24,25,26;1
451;3,4,-20,24,-27;5
451;0,-5,-20,24,-27;5
451;0,-12,-20,-22,-27;7
451;0,-14,-20,-23,-27;7
452;20,24,25,26;0
452;4,20,24,-27;4
453;18,20,24,25,26;0
453;4,18,20,24,-27;4
453;3,-19,24,25,26;1
453;3,4,-19,24,-27;5
453;0,-5,-19,24,-27;5
453;0,-12,-19,-22,-27;7
453;0,-14,-19,-23,-27;7
454;19,20,24,25,26;0
454;4,19,20,24,-27;4
454;3,-18,24,25,26;1
454;3,4,-18,24,-27;5
454;0,-5,-18,24,-27;5
454;0,-12,-18,-22,-27;7
454;0,-14,-18,-23,-27;7
455;3,24,25,26;1
455;3,4,24,-27;5
455;0,-5,24,-27;5
455;0,-12,-22,-27;7
455;0,-14,-23,-27;7
456;21,24,25,26;0
456;4,21,24,-27;4
457;18,21,24,25,26;0
457;4,18,21,24,-27;4
458;19,21,24,25,26;0
458;4,19,21,24,-27;4
459;0,-20,-22,-23,-27;7
460;20,21,24,25,26;0
460;4,20,21,24,-27;4
461;0,-19,-22,-23,-27;7
462;0,-18,-22,-23,-27;7
463;0,-22,-23,-27;7
464;13,25,26;0
464;4,13,-27;4
465;13,18,25,26;0
465;4,13,18,-27;4
466;13,19,25,26;0
466;4,13,19,-27;4
467;0,-12,-20,-27;7
468;13,20,25,26;0
468;4,13,20,-27;4
469;0,-12,-19,-27;7
470;0,-12,-18,-27;7
471;0,-12,-27;7
472;14,24,25,26;0
472;13,21,25,26;0
472;5,-23,25,26;2
472;4,14,24,-27;4
472;4,13,21,-27;4
472;4,5,-23,-27;6
472;0,-3,-23,-27;6
473;14,18,24,25,26;0
473;13,18,21,25,26;0
473;5,18,-23,25,26;2
473;4,14,18,24,-27;4
473;4,13,18,21,-27;4
473;4,5,18,-23,-27;6
473;0,-3,18,-23,-27;6
473;0,-19,-20,-23,-27;7
474;14,19,24,25,26;0
474;13,19,21,25,26;0
474;5,19,-23,25,26;2
474;4,14,19,24,-27;4
474;4,13,19,21,-27;4
474;4,5,19,-23,-27;6
474;0,-3,19,-23,-27;6
474;0,-18,-20,-23,-27;7
475;0,-20,-23,-27;7
476;14,20,24,25,26;0
476;13,20,21,25,26;0
476;5,20,-23,25,26;2
476;4,14,20,24,-27;4
476;4,13,20,21,-27;4
476;4,5,20,-23,-27;6
476;0,-3,20,-23,-27;6
476;0,-18,-19,-23,-27;7
477;0,-19,-23,-27;7
478;0,-18,-23,-27;7
479;0,-23,-27;7
480;15,25,26;0
480;4,15,-27;4
481;15,18,25,26;0
481;4,15,18,-27;4
482;15,19,25,26;0
482;4,15,19,-27;4
483;0,-14,-20,-27;7
484;15,20,25,26;0
484;4,15,20,-27;4
485;0,-14,-19,-27;7
486;0,-14,-18,-27;7
487;0,-14,-27;7
488;15,21,25,26;0
488;12,24,25,26;0
488;5,-22,25,26;2
488;4,15,21,-27;4
488;4,12,24,-27;4
488;4,5,-22,-27;6
488;0,-3,-22,-27;6
489;15,18,21,25,26;0
489;12,18,24,25,26;0
489;5,18,-22,25,26;2
489;4,15,18,21,-27;4
489;4,12,18,24,-27;4
489;4,5,18,-22,-27;6
489;0,-3,18,-22,-27;6
489;0,-19,-20,-22,-27;7
490;15,19,21,25,26;0
490;12,19,24,25,26;0
490;5,19,-22,25,26;2
490;4,15,19,21,-27;4
490;4,12,19,24,-27;4
490;4,5,19,-22,-27;6
490;0,-3,19,-22,-27;6
490;0,-18,-20,-22,-27;7
491;0,-20,-22,-27;7
492;15,20,21,25,26;0
492;12,20,24,25,26;0
492;5,20,-22,25,26;2
492;4,15,20,21,-27;4
492;4,12,20,24,-27;4
492;4,5,20,-22,-27;6
492;0,-3,20,-22,-27;6
492;0,-18,-19,-22,-27;7
493;0,-19,-22,-27;7
494;0,-18,-22,-27;7
495;0,-22,-27;7
496;15,22,25,26;0
496;13,23,25,26;0
496;5,-21,25,26;2
496;4,15,22,-27;4
496;4,13,23,-27;4
496;4,5,-21,-27;6
496;0,-3,-21,-27;6
497;15,18,22,25,26;0
497;13,18,23,25,26;0
497;5,18,-21,25,26;2
497;4,15,18,22,-27;4
497;4,13,18,23,-27;4
497;4,5,18,-21,-27;6
497;0,-3,18,-21,-27;6
497;0,-19,-20,-21,-27;7
498;15,19,22,25,26;0
498;13,19,23,25,26;0
498;5,19,-21,25,26;2
498;4,15,19,22,-27;4
498;4,13,19,23,-27;4
498;4,5,19,-21,-27;6
498;0,-3,19,-21,-27;6
498;0,-18,-20,-21,-27;7
499;0,-20,-21,-27;7
500;15,20,22,25,26;0
500;13,20,23,25,26;0
500;5,20,-21,25,26;2
500;4,15,20,22,-27;4
500;4,13,20,23,-27;4
500;4,5,20,-21,-27;6
500;0,-3,20,-21,-27;6
500;0,-18,-19,-21,-27;7
501;0,-19,-21,-27;7
502;0,-18,-21,-27;7
503;0,-21,-27;7
504;5,25,26;2
504;4,5,-27;6
504;0,-3,-27;6
505;5,18,25,26;2
505;4,5,18,-27;6
505;0,-3,18,-27;6
505;0,-19,-20,-27;7
506;5,19,25,26;2
506;4,5,19,-27;6
506;0,-3,19,-27;6
506;0,-18,-20,-27;7
507;0,-20,-27;7
508;5,20,25,26;2
508;4,5,20,-27;6
508;0,-3,20,-27;6
508;0,-18,-19,-27;7
509;0,-19,-27;7
510;0,-18,-27;7
511;0,-27;7
512;27;0
513;18,27;0
514;19,27;0
515;18,19,27;0
515;3,-20,27;1
516;20,27;0
517;18,20,27;0
517;3,-19,27;1
518;19,20,27;0
518;3,-18,27;1
519;3,27;1
520;21,27;0
521;18,21,27;0
522;19,21,27;0
523;18,19,21,27;0
523;3,-20,21,27;1
524;20,21,27;0
525;18,20,21,27;0
525;3,-19,21,27;1
526;19,20,21,27;0
526;3,-18,21,27;1
527;3,21,27;1
528;22,27;0
529;18,22,27;0
530;19,22,27;0
531;18,19,22,27;0
531;3,-20,22,27;1
532;20,22,27;0
533;18,20,22,27;0
533;3,-19,22,27;1
534;19,20,22,27;0
534;3,-18,22,27;1
535;3,22,27;1
536;14,27;0
537;14,18,27;0
538;14,19,27;0
539;14,18,19,27;0
539;3,14,-20,27;1
540;14,20,27;0
541;14,18,20,27;0
541;3,14,-19,27;1
542;14,19,20,27;0
542;3,14,-18,27;1
543;3,14,27;1
544;23,27;0
545;18,23,27;0
546;19,23,27;0
547;18,19,23,27;0
547;3,-20,23,27;1
548;20,23,27;0
549;18,20,23,27;0
549;3,-19,23,27;1
550;19,20,23,27;0
550;3,-18,23,27;1
551;3,23,27;1
552;12,27;0
553;12,18,27;0
554;12,19,27;0
555;12,18,19,27;0
555;3,12,-20,27;1
556;12,20,27;0
557;12,18,20,27;0
557;3,12,-19,27;1
558;12,19,20,27;0
558;3,12,-18,27;1
559;3,12,27;1
560;22,23,27;0
561;18,22,23,27;0
562;19,22,23,27;0
563;18,19,22,23,27;0
563;3,-20,22,23,27;1
564;20,22,23,27;0
565;18,20,22,23,27;0
565;3,-19,22,23,27;1
566;19,20,22,23,27;0
566;3,-18,22,23,27;1
567;3,22,23,27;1
568;14,23,27;0
568;12,22,27;0
568;5,-24,27;2
569;14,18,23,27;0
569;12,18,22,27;0
569;5,18,-24,27;2
570;14,19,23,27;0
570;12,19,22,27;0
570;5,19,-24,27;2
571;14,18,19,23,27;0
571;12,18,19,22,27;0
571;5,18,19,-24,27;2
571;3,14,-20,23,27;1
571;3,12,-20,22,27;1
571;3,5,-20,-24,27;3
571;0,-4,-20,-24,27;3
571;0,-20,-24,-25,-26;7
572;14,20,23,27;0
572;12,20,22,27;0
572;5,20,-24,27;2
573;14,18,20,23,27;0
573;12,18,20,22,27;0
573;5,18,20,-24,27;2
573;3,14,-19,23,27;1
573;3,12,-19,22,27;1
573;3,5,-19,-24,27;3
573;0,-4,-19,-24,27;3
573;0,-19,-24,-25,-26;7
574;14,19,20,23,27;0
574;12,19,20,22,27;0
574;5,19,20,-24,27;2
574;3,14,-18,23,27;1
574;3,12,-18,22,27;1
574;3,5,-18,-24,27;3
574;0,-4,-18,-24,27;3
574;0,-18,-24,-25,-26;7
575;3,14,23,27;1
575;3,12,22,27;1
575;3,5,-24,27;3
575;0,-4,-24,27;3
575;0,-24,-25,-26;7
576;24,27;0
577;18,24,27;0
578;19,24,27;0
579;18,19,24,27;0
579;3,-20,24,27;1
580;20,24,27;0
581;18,20,24,27;0
581;3,-19,24,27;1
582;19,20,24,27;0
582;3,-18,24,27;1
583;3,24,27;1
584;21,24,27;0
585;18,21,24,27;0
586;19,21,24,27;0
587;18,19,21,24,27;0
587;3,-20,21,24,27;1
588;20,21,24,27;0
589;18,20,21,24,27;0
589;3,-19,21,24,27;1
590;19,20,21,24,27;0
590;3,-18,21,24,27;1
591;3,21,24,27;1
592;13,27;0
593;13,18,27;0
594;13,19,27;0
595;13,18,19,27;0
595;3,13,-20,27;1
596;13,20,27;0
597;13,18,20,27;0
597;3,13,-19,27;1
598;13,19,20,27;0
598;3,13,-18,27;1
599;3,13,27;1
600;14,24,27;0
600;13,21,27;0
600;5,-23,27;2
601;14,18,24,27;0
601;13,18,21,27;0
601;5,18,-23,27;2
602;14,19,24,27;0
602;13,19,21,27;0
602;5,19,-23,27;2
603;14,18,19,24,27;0
603;13,18,19,21,27;0
603;5,18,19,-23,27;2
603;3,14,-20,24,27;1
603;3,13,-20,21,27;1
603;3,5,-20,-23,27;3
603;0,-4,-20,-23,27;3
603;0,-20,-23,-25,-26;7
604;14,20,24,27;0
604;13,20,21,27;0
604;5,20,-23,27;2
605;14,18,20,24,27;0
605;13,18,20,21,27;0
605;5,18,20,-23,27;2
605;3,14,-19,24,27;1
605;3,13,-19,21,27;1
605;3,5,-19,-23,27;3
605;0,-4,-19,-23,27;3
605;0,-19,-23,-25,-26;7
606;14,19,20,24,27;0
606;13,19,20,21,27;0
606;5,19,20,-23,27;2
606;3,14,-18,24,27;1
606;3,13,-18,21,27;1
606;3,5,-18,-23,27;3
606;0,-4,-18,-23,27;3
606;0,-18,-23,-25,-26;7
607;3,14,24,27;1
607;3,13,21,27;1
607;3,5,-23,27;3
607;0,-4,-23,27;3
607;0,-23,-25,-26;7
608;15,27;0
609;15,18,27;0
610;15,19,27;0
611;15,18,19,27;0
611;3,15,-20,27;1
612;15,20,27;0
613;15,18,20,27;0
613;3,15,-19,27;1
614;15,19,20,27;0
614;3,15,-18,27;1
615;3,15,27;1
616;15,21,27;0
616;12,24,27;0
616;5,-22,27;2
617;15,18,21,27;0
617;12,18,24,27;0
617;5,18,-22,27;2
618;15,19,21,27;0
618;12,19,24,27;0
618;5,19,-22,27;2
619;15,18,19,21,27;0
619;12,18,19,24,27;0
619;5,18,19,-22,27;2
619;3,15,-20,21,27;1
619;3,12,-20,24,27;1
619;3,5,-20,-22,27;3
619;0,-4,-20,-22,27;3
619;0,-20,-22,-25,-26;7
620;15,20,21,27;0
620;12,20,24,27;0
620;5,20,-22,27;2
621;15,18,20,21,27;0
621;12,18,20,24,27;0
621;5,18,20,-22,27;2
621;3,15,-19,21,27;1
621;3,12,-19,24,27;1
621;3,5,-19,-22,27;3
621;0,-4,-19,-22,27;3
621;0,-19,-22,-25,-26;7
622;15,19,20,21,27;0
622;12,19,20,24,27;0
622;5,19,20,-22,27;2
622;3,15,-18,21,27;1
622;3,12,-18,24,27;1
622;3,5,-18,-22,27;3
622;0,-4,-18,-22,27;3
622;0,-18,-22,-25,-26;7
623;3,15,21,27;1
623;3,12,24,27;1
623;3,5,-22,27;3
623;0,-4,-22,27;3
623;0,-22,-25,-26;7
624;15,22,27;0
624;13,23,27;0
624;5,-21,27;2
625;15,18,22,27;0
625;13,18,23,27;0
625;5,18,-21,27;2
626;15,19,22,27;0
626;13,19,23,27;0
626;5,19,-21,27;2
627;15,18,19,22,27;0
627;13,18,19,23,27;0
627;5,18,19,-21,27;2
627;3,15,-20,22,27;1
627;3,13,-20,23,27;1
627;3,5,-20,-21,27;3
627;0,-4,-20,-21,27;3
627;0,-20,-21,-25,-26;7
628;15,20,22,27;0
628;13,20,23,27;0
628;5,20,-21,27;2
629;15,18,20,22,27;0
629;13,18,20,23,27;0
629;5,18,20,-21,27;2
629;3,15,-19,22,27;1
629;3,13,-19,23,27;1
629;3,5,-19,-21,27;3
629;0,-4,-19,-21,27;3
629;0,-19,-21,-25,-26;7
630;15,19,20,22,27;0
630;13,19,20,23,27;0
630;5,19,20,-21,27;2
630;3,15,-18,22,27;1
630;3,13,-18,23,27;1
630;3,5,-18,-21,27;3
630;0,-4,-18,-21,27;3
630;0,-18,-21,-25,-26;7
631;3,15,22,27;1
631;3,13,23,27;1
631;3,5,-21,27;3
631;0,-4,-21,27;3
631;0,-21,-25,-26;7
632;5,27;2
633;5,18,27;2
634;5,19,27;2
635;5,18,19,27;2
635;3,5,-20,27;3
635;0,-4,-20,27;3
635;0,-20,-25,-26;7
636;5,20,27;2
637;5,18,20,27;2
637;3,5,-19,27;3
637;0,-4,-19,27;3
637;0,-19,-25,-26;7
638;5,19,20,27;2
638;3,5,-18,27;3
638;0,-4,-18,27;3
638;0,-18,-25,-26;7
639;3,5,27;3
639;0,-4,27;3
639;0,-25,-26;7
640;25,27;0
640;4,-26;4
641;18,25,27;0
641;4,18,-26;4
642;19,25,27;0
642;4,19,-26;4
643;18,19,25,27;0
643;4,18,19,-26;4
643;3,-20,25,27;1
643;3,4,-20,-26;5
643;0,-5,-20,-26;5
644;20,25,27;0
644;4,20,-26;4
645;18,20,25,27;0
645;4,18,20,-26;4
645;3,-19,25,27;1
645;3,4,-19,-26;5
645;0,-5,-19,-26;5
646;19,20,25,27;0
646;4,19,20,-26;4
646;3,-18,25,27;1
646;3,4,-18,-26;5
646;0,-5,-18,-26;5
647;3,25,27;1
647;3,4,-26;5
647;0,-5,-26;5
648;21,25,27;0
648;4,21,-26;4
649;18,21,25,27;0
649;4,18,21,-26;4
650;19,21,25,27;0
650;4,19,21,-26;4
651;18,19,21,25,27;0
651;4,18,19,21,-26;4
651;3,-20,21,25,27;1
651;3,4,-20,21,-26;5
651;0,-5,-20,21,-26;5
651;0,-13,-20,-23,-26;7
651;0,-15,-20,-22,-26;7
652;20,21,25,27;0
652;4,20,21,-26;4
653;18,20,21,25,27;0
653;4,18,20,21,-26;4
653;3,-19,21,25,27;1
653;3,4,-19,21,-26;5
653;0,-5,-19,21,-26;5
653;0,-13,-19,-23,-26;7
653;0,-15,-19,-22,-26;7
654;19,20,21,25,27;0
654;4,19,20,21,-26;4
654;3,-18,21,25,27;1
654;3,4,-18,21,-26;5
654;0,-5,-18,21,-26;5
654;0,-13,-18,-23,-26;7
654;0,-15,-18,-22,-26;7
655;3,21,25,27;1
655;3,4,21,-26;5
655;0,-5,21,-26;5
655;0,-13,-23,-26;7
655;0,-15,-22,-26;7
656;22,25,27;0
656;4,22,-26;4
657;18,22,25,27;0
657;4,18,22,-26;4
658;19,22,25,27;0
658;4,19,22,-26;4
659;18,19,22,25,27;0
659;4,18,19,22,-26;4
659;3,-20,22,25,27;1
659;3,4,-20,22,-26;5
659;0,-5,-20,22,-26;5
659;0,-12,-20,-24,-26;7
659;0,-15,-20,-21,-26;7
660;20,22,25,27;0
660;4,20,22,-26;4
661;18,20,22,25,27;0
661;4,18,20,22,-26;4
661;3,-19,22,25,27;1
661;3,4,-19,22,-26;5
661;0,-5,-19,22,-26;5
661;0,-12,-19,-24,-26;7
661;0,-15,-19,-21,-26;7
662;19,20,22,25,27;0
662;4,19,20,22,-26;4
662;3,-18,22,25,27;1
662;3,4,-18,22,-26;5
662;0,-5,-18,22,-26;5
662;0,-12,-18,-24,-26;7
662;0,-15,-18,-21,-26;7
663;3,22,25,27;1
663;3,4,22,-26;5
663;0,-5,22,-26;5
663;0,-12,-24,-26;7
663;0,-15,-21,-26;7
664;14,25,27;0
664;4,14,-26;4
665;14,18,25,27;0
665;4,14,18,-26;4
666;14,19,25,27;0
666;4,14,19,-26;4
667;0,-15,-20,-26;7
668;14,20,25,27;0
668;4,14,20,-26;4
669;0,-15,-19,-26;7
670;0,-15,-18,-26;7
671;0,-15,-26;7
672;23,25,27;0
672;4,23,-26;4
673;18,23,25,27;0
673;4,18,23,-26;4
674;19,23,25,27;0
674;4,19,23,-26;4
675;18,19,23,25,27;0
675;4,18,19,23,-26;4
675;3,-20,23,25,27;1
675;3,4,-20,23,-26;5
675;0,-5,-20,23,-26;5
675;0,-13,-20,-21,-26;7
675;0,-14,-20,-24,-26;7
676;20,23,25,27;0
676;4,20,23,-26;4
677;18,20,23,25,27;0
677;4,18,20,23,-26;4
677;3,-19,23,25,27;1
677;3,4,-19,23,-26;5
677;0,-5,-19,23,-26;5
677;0,-13,-19,-21,-26;7
677;0,-14,-19,-24,-26;7
678;19,20,23,25,27;0
678;4,19,20,23,-26;4
678;3,-18,23,25,27;1
678;3,4,-18,23,-26;5
678;0,-5,-18,23,-26;5
678;0,-13,-18,-21,-26;7
678;0,-14,-18,-24,-26;7
679;3,23,25,27;1
679;3,4,23,-26;5
679;0,-5,23,-26;5
679;0,-13,-21,-26;7
679;0,-14,-24,-26;7
680;12,25,27;0
680;4,12,-26;4
681;12,18,25,27;0
681;4,12,18,-26;4
682;12,19,25,27;0
682;4,12,19,-26;4
683;0,-13,-20,-26;7
684;12,20,25,27;0
684;4,12,20,-26;4
685;0,-13,-19,-26;7
686;0,-13,-18,-26;7
687;0,-13,-26;7
688;22,23,25,27;0
688;4,22,23,-26;4
689;18,22,23,25,27;0
689;4,18,22,23,-26;4
690;19,22,23,25,27;0
690;4,19,22,23,-26;4
691;0,-20,-21,-24,-26;7
692;20,22,23,25,27;0
692;4,20,22,23,-26;4
693;0,-19,-21,-24,-26;7
694;0,-18,-21,-24,-26;7
695;0,-21,-24,-26;7
696;14,23,25,27;0
696;12,22,25,27;0
696;5,-24,25,27;2
696;4,14,23,-26;4
696;4,12,22,-26;4
696;4,5,-24,-26;6
696;0,-3,-24,-26;6
697;14,18,23,25,27;0
697;12,18,22,25,27;0
697;5,18,-24,25,27;2
697;4,14,18,23,-26;4
697;4,12,18,22,-26;4
697;4,5,18,-24,-26;6
697;0,-3,18,-24,-26;6
697;0,-19,-20,-24,-26;7
698;14,19,23,25,27;0
698;12,19,22,25,27;0
698;5,19,-24,25,27;2
698;4,14,19,23,-26;4
698;4,12,19,22,-26;4
698;4,5,19,-24,-26;6
698;0,-3,19,-24,-26;6
698;0,-18,-20,-24,-26;7
699;0,-20,-24,-26;7
700;14,20,23,25,27;0
700;12,20,22,25,27;0
700;5,20,-24,25,27;2
700;4,14,20,23,-26;4
700;4,12,20,22,-26;4
700;4,5,20,-24,-26;6
700;0,-3,20,-24,-26;6
700;0,-18,-19,-24,-26;7
701;0,-19,-24,-26;7
702;0,-18,-24,-26;7
703;0,-24,-26;7
704;24,25,27;0
704;4,24,-26;4
705;18,24,25,27;0
705;4,18,24,-26;4
706;19,24,25,27;0
706;4,19,24,-26;4
707;18,19,24,25,27;0
707;4,18,19,24,-26;4
707;3,-20,24,25,27;1
707;3,4,-20,24,-26;5
707;0,-5,-20,24,-26;5
707;0,-12,-20,-22,-26;7
707;0,-14,-20,-23,-26;7
708;20,24,25,27;0
708;4,20,24,-26;4
709;18,20,24,25,27;0
709;4,18,20,24,-26;4
709;3,-19,24,25,27;1
709;3,4,-19,24,-26;5
709;0,-5,-19,24,-26;5
709;0,-12,-19,-22,-26;7
709;0,-14,-19,-23,-26;7
710;19,20,24,25,27;0
710;4,19,20,24,-26;4
710;3,-18,24,25,27;1
710;3,4,-18,24,-26;5
710;0,-5,-18,24,-26;5
710;0,-12,-18,-22,-26;7
710;0,-14,-18,-23,-26;7
711;3,24,25,27;1
711;3,4,24,-26;5
711;0,-5,24,-26;5
711;0,-12,-22,-26;7
711;0,-14,-23,-26;7
712;21,24,25,27;0
712;4,21,24,-26;4
713;18,21,24,25,27;0
713;4,18,21,24,-26;4
714;19,21,24,25,27;0
714;4,19,21,24,-26;4
715;0,-20,-22,-23,-26;7
716;20,21,24,25,27;0
716;4,20,21,24,-26;4
717;0,-19,-22,-23,-26;7
718;0,-18,-22,-23,-26;7
719;0,-22,-23,-26;7
720;13,25,27;0
720;4,13,-26;4
721;13,18,25,27;0
721;4,13,18,-26;4
722;13,19,25,27;0
722;4,13,19,-26;4
723;0,-12,-20,-26;7
724;13,20,25,27;0
724;4,13,20,-26;4
725;0,-12,-19,-26;7
726;0,-12,-18,-26;7
727;0,-12,-26;7
728;14,24,25,27;0
728;13,21,25,27;0
728;5,-23,25,27;2
728;4,14,24,-26;4
728;4,13,21,-26;4
728;4,5,-23,-26;6
728;0,-3,-23,-26;6
729;14,18,24,25,27;0
729;13,18,21,25,27;0
729;5,18,-23,25,27;2
729;4,14,18,24,-26;4
729;4,13,18,21,-26;4
729;4,5,18,-23,-26;6
729;0,-3,18,-23,-26;6
729;0,-19,-20,-23,-26;7
730;14,19,24,25,27;0
730;13,19,21,25,27;0
730;5,19,-23,25,27;2
730;4,14,19,24,-26;4
730;4,13,19,21,-26;4
730;4,5,19,-23,-26;6
730;0,-3,19,-23,-26;6
730;0,-18,-20,-23,-26;7
731;0,-20,-23,-26;7
732;14,20,24,25,27;0
732;13,20,21,25,27;0
732;5,20,-23,25,27;2
732;4,14,20,24,-26;4
732;4,13,20,21,-26;4
732;4,5,20,-23,-26;6
732;0,-3,20,-23,-26;6
732;0,-18,-19,-23,-26;7
733;0,-19,-23,-26;7
734;0,-18,-23,-26;7
735;0,-23,-26;7
736;15,25,27;0
736;4,15,-26;4
737;15,18,25,27;0
737;4,15,18,-26;4
738;15,19,25,27;0
738;4,15,19,-26;4
739;0,-14,-20,-26;7
740;15,20,25,27;0
740;4,15,20,-26;4
741;0,-14,-19,-26;7
742;0,-14,-18,-26;7
743;0,-14,-26;7
744;15,21,25,27;0
744;12,24,25,27;0
744;5,-22,25,27;2
744;4,15,21,-26;4
744;4,12,24,-26;4
744;4,5,-22,-26;6
744;0,-3,-22,-26;6
745;15,18,21,25,27;0
745;12,18,24,25,27;0
745;5,18,-22,25,27;2
745;4,15,18,21,-26;4
745;4,12,18,24,-26;4
745;4,5,18,-22,-26;6
745;0,-3,18,-22,-26;6
745;0,-19,-20,-22,-26;7
746;15,19,21,25,27;0
746;12,19,24,25,27;0
746;5,19,-22,25,27;2
746;4,15,19,21,-26;4
746;4,12,19,24,-26;4
746;4,5,19,-22,-26;6
746;0,-3,19,-22,-26;6
746;0,-18,-20,-22,-26;7
747;0,-20,-22,-26;7
748;15,20,21,25,27;0
748;12,20,24,25,27;0
748;5,20,-22,25,27;2
748;4,15,20,21,-26;4
748;4,12,20,24,-26;4
748;4,5,20,-22,-26;6
748;0,-3,20,-22,-26;6
748;0,-18,-19,-22,-26;7
749;0,-19,-22,-26;7
750;0,-18,-22,-26;7
751;0,-22,-26;7
752;15,22,25,27;0
752;13,23,25,27;0
752;5,-21,25,27;2
752;4,15,22,-26;4
752;4,13,23,-26;4
752;4,5,-21,-26;6
752;0,-3,-21,-26;6
753;15,18,22,25,27;0
753;13,18,23,25,27;0
753;5,18,-21,25,27;2
753;4,15,18,22,-26;4
753;4,13,18,23,-26;4
753;4,5,18,-21,-26;6
753;0,-3,18,-21,-26;6
753;0,-19,-20,-21,-26;7
754;15,19,22,25,27;0
754;13,19,23,25,27;0
754;5,19,-21,25,27;2
754;4,15,19,22,-26;4
754;4,13,19,23,-26;4
754;4,5,19,-21,-26;6
754;0,-3,19,-21,-26;6
754;0,-18,-20,-21,-26;7
755;0,-20,-21,-26;7
756;15,20,22,25,27;0
756;13,20,23,25,27;0
756;5,20,-21,25,27;2
756;4,15,20,22,-26;4
756;4,13,20,23,-26;4
756;4,5,20,-21,-26;6
756;0,-3,20,-21,-26;6
756;0,-18,-19,-21,-26;7
757;0,-19,-21,-26;7
758;0,-18,-21,-26;7
759;0,-21,-26;7
760;5,25,27;2
760;4,5,-26;6
760;0,-3,-26;6
761;5,18,25,27;2
761;4,5,18,-26;6
761;0,-3,18,-26;6
761;0,-19,-20,-26;7
762;5,19,25,27;2
762;4,5,19,-26;6
762;0,-3,19,-26;6
762;0,-18,-20,-26;7
763;0,-20,-26;7
764;5,20,25,27;2
764;4,5,20,-26;6
764;0,-3,20,-26;6
764;0,-18,-19,-26;7
765;0,-19,-26;7
766;0,-18,-26;7
767;0,-26;7
768;26,27;0
768;4,-25;4
769;18,26,27;0
769;4,18,-25;4
770;19,26,27;0
770;4,19,-25;4
771;18,19,26,27;0
771;4,18,19,-25;4
771;3,-20,26,27;1
771;3,4,-20,-25;5
771;0,-5,-20,-25;5
772;20,26,27;0
772;4,20,-25;4
773;18,20,26,27;0
773;4,18,20,-25;4
773;3,-19,26,27;1
773;3,4,-19,-25;5
773;0,-5,-19,-25;5
774;19,20,26,27;0
774;4,19,20,-25;4
774;3,-18,26,27;1
774;3,4,-18,-25;5
774;0,-5,-18,-25;5
775;3,26,27;1
775;3,4,-25;5
775;0,-5,-25;5
776;21,26,27;0
776;4,21,-25;4
777;18,21,26,27;0
777;4,18,21,-25;4
778;19,21,26,27;0
778;4,19,21,-25;4
779;18,19,21,26,27;0
779;4,18,19,21,-25;4
779;3,-20,21,26,27;1
779;3,4,-20,21,-25;5
779;0,-5,-20,21,-25;5
779;0,-13,-20,-23,-25;7
779;0,-15,-20,-22,-25;7
780;20,21,26,27;0
780;4,20,21,-25;4
781;18,20,21,26,27;0
781;4,18,20,21,-25;4
781;3,-19,21,26,27;1
781;3,4,-19,21,-25;5
781;0,-5,-19,21,-25;5
781;0,-13,-19,-23,-25;7
781;0,-15,-19,-22,-25;7
782;19,20,21,26,27;0
782;4,19,20,21,-25;4
782;3,-18,21,26,27;1
782;3,4,-18,21,-25;5
782;0,-5,-18,21,-25;5
782;0,-13,-18,-23,-25;7
782;0,-15,-18,-22,-25;7
783;3,21,26,27;1
783;3,4,21,-25;5
783;0,-5,21,-25;5
783;0,-13,-23,-25;7
783;0,-15,-22,-25;7
784;22,26,27;0
784;4,22,-25;4
785;18,22,26,27;0
785;4,18,22,-25;4
786;19,22,26,27;0
786;4,19,22,-25;4
787;18,19,22,26,27;0
787;4,18,19,22,-25;4
787;3,-20,22,26,27;1
787;3,4,-20,22,-25;5
787;0,-5,-20,22,-25;5
787;0,-12,-20,-24,-25;7
787;0,-15,-20,-21,-25;7
788;20,22,26,27;0
788;4,20,22,-25;4
789;18,20,22,26,27;0
789;4,18,20,22,-25;4
789;3,-19,22,26,27;1
789;3,4,-19,22,-25;5
789;0,-5,-19,22,-25;5
789;0,-12,-19,-24,-25;7
789;0,-15,-19,-21,-25;7
790;19,20,22,26,27;0
790;4,19,20,22,-25;4
790;3,-18,22,26,27;1
790;3,4,-18,22,-25;5
790;0,-5,-18,22,-25;5
790;0,-12,-18,-24,-25;7
790;0,-15,-18,-21,-25;7
791;3,22,26,27;1
791;3,4,22,-25;5
791;0,-5,22,-25;5
791;0,-12,-24,-25;7
791;0,-15,-21,-25;7
792;14,26,27;0
792;4,14,-25;4
793;14,18,26,27;0
793;4,14,18,-25;4
794;14,19,26,27;0
794;4,14,19,-25;4
795;0,-15,-20,-25;7
796;14,20,26,27;0
796;4,14,20,-25;4
797;0,-15,-19,-25;7
798;0,-15,-18,-25;7
799;0,-15,-25;7
800;23,26,27;0
800;4,23,-25;4
801;18,23,26,27;0
801;4,18,23,-25;4
802;19,23,26,27;0
802;4,19,23,-25;4
803;18,19,23,26,27;0
803;4,18,19,23,-25;4
803;3,-20,23,26,27;1
803;3,4,-20,23,-25;5
803;0,-5,-20,23,-25;5
803;0,-13,-20,-21,-25;7
803;0,-14,-20,-24,-25;7
804;20,23,26,27;0
804;4,20,23,-25;4
805;18,20,23,26,27;0
805;4,18,20,23,-25;4
805;3,-19,23,26,27;1
805;3,4,-19,23,-25;5
805;0,-5,-19,23,-25;5
805;0,-13,-19,-21,-25;7
805;0,-14,-19,-24,-25;7
806;19,20,23,26,27;0
806;4,19,20,23,-25;4
806;3,-18,23,26,27;1
806;3,4,-18,23,-25;5
806;0,-5,-18,23,-25;5
806;0,-13,-18,-21,-25;7
806;0,-14,-18,-24,-25;7
807;3,23,26,27;1
807;3,4,23,-25;5
807;0,-5,23,-25;5
807;0,-13,-21,-25;7
807;0,-14,-24,-25;7
808;12,26,27;0
808;4,12,-25;4
809;12,18,26,27;0
809;4,12,18,-25;4
810;12,19,26,27;0
810;4,12,19,-25;4
811;0,-13,-20,-25;7
812;12,20,26,27;0
812;4,12,20,-25;4
813;0,-13,-19,-25;7
814;0,-13,-18,-25;7
815;0,-13,-25;7
816;22,23,26,27;0
816;4,22,23,-25;4
817;18,22,23,26,27;0
817;4,18,22,23,-25;4
818;19,22,23,26,27;0
818;4,19,22,23,-25;4
819;0,-20,-21,-24,-25;7
820;20,22,23,26,27;0
820;4,20,22,23,-25;4
821;0,-19,-21,-24,-25;7
822;0,-18,-21,-24,-25;7
823;0,-21,-24,-25;7
824;14,23,26,27;0
824;12,22,26,27;0
824;5,-24,26,27;2
824;4,14,23,-25;4
824;4,12,22,-25;4
824;4,5,-24,-25;6
824;0,-3,-24,-25;6
825;14,18,23,26,27;0
825;12,18,22,26,27;0
825;5,18,-24,26,27;2
825;4,14,18,23,-25;4
825;4,12,18,22,-25;4
825;4,5,18,-24,-25;6
825;0,-3,18,-24,-25;6
825;0,-19,-20,-24,-25;7
826;14,19,23,26,27;0
826;12,19,22,26,27;0
826;5,19,-24,26,27;2
826;4,14,19,23,-25;4
826;4,12,19,22,-25;4
826;4,5,19,-24,-25;6
826;0,-3,19,-24,-25;6
826;0,-18,-20,-24,-25;7
827;0,-20,-24,-25;7
828;14,20,23,26,27;0
828;12,20,22,26,27;0
828;5,20,-24,26,27;2
828;4,14,20,23,-25;4
828;4,12,20,22,-25;4
828;4,5,20,-24,-25;6
828;0,-3,20,-24,-25;6
828;0,-18,-19,-24,-25;7
829;0,-19,-24,-25;7
830;0,-18,-24,-25;7
831;0,-24,-25;7
832;24,26,27;0
832;4,24,-25;4
833;18,24,26,27;0
833;4,18,24,-25;4
834;19,24,26,27;0
834;4,19,24,-25;4
835;18,19,24,26,27;0
835;4,18,19,24,-25;4
835;3,-20,24,26,27;1
835;3,4,-20,24,-25;5
835;0,-5,-20,24,-25;5
835;0,-12,-20,-22,-25;7
835;0,-14,-20,-23,-25;7
836;20,24,26,27;0
836;4,20,24,-25;4
837;18,20,24,26,27;0
837;4,18,20,24,-25;4
837;3,-19,24,26,27;1
837;3,4,-19,24,-25;5
837;0,-5,-19,24,-25;5
837;0,-12,-19,-22,-25;7
837;0,-14,-19,-23,-25;7
838;19,20,24,26,27;0
838;4,19,20,24,-25;4
838;3,-18,24,26,27;1
838;3,4,-18,24,-25;5
838;0,-5,-18,24,-25;5
838;0,-12,-18,-22,-25;7
838;0,-14,-18,-23,-25;7
839;3,24,26,27;1
839;3,4,24,-25;5
839;0,-5,24,-25;5
839;0,-12,-22,-25;7
839;0,-14,-23,-25;7
840;21,24,26,27;0
840;4,21,24,-25;4
841;18,21,24,26,27;0
841;4,18,21,24,-25;4
842;19,21,24,26,27;0
842;4,19,21,24,-25;4
843;0,-20,-22,-23,-25;7
844;20,21,24,26,27;0
844;4,20,21,24,-25;4
845;0,-19,-22,-23,-25;7
846;0,-18,-22,-23,-25;7
847;0,-22,-23,-25;7
848;13,26,27;0
848;4,13,-25;4
849;13,18,26,27;0
849;4,13,18,-25;4
850;13,19,26,27;0
850;4,13,19,-25;4
851;0,-12,-20,-25;7
852;13,20,26,27;0
852;4,13,20,-25;4
853;0,-12,-19,-25;7
854;0,-12,-18,-25;7
855;0,-12,-25;7
856;14,24,26,27;0
856;13,21,26,27;0
856;5,-23,26,27;2
856;4,14,24,-25;4
856;4,13,21,-25;4
856;4,5,-23,-25;6
856;0,-3,-23,-25;6
857;14,18,24,26,27;0
857;13,18,21,26,27;0
857;5,18,-23,26,27;2
857;4,14,18,24,-25;4
857;4,13,18,21,-25;4
857;4,5,18,-23,-25;6
857;0,-3,18,-23,-25;6
857;0,-19,-20,-23,-25;7
858;14,19,24,26,27;0
858;13,19,21,26,27;0
858;5,19,-23,26,27;2
858;4,14,19,24,-25;4
858;4,13,19,21,-25;4
858;4,5,19,-23,-25;6
858;0,-3,19,-23,-25;6
858;0,-18,-20,-23,-25;7
859;0,-20,-23,-25;7
860;14,20,24,26,27;0
860;13,20,21,26,27;0
860;5,20,-23,26,27;2
860;4,14,20,24,-25;4
860;4,13,20,21,-25;4
860;4,5,20,-23,-25;6
860;0,-3,20,-23,-25;6
860;0,-18,-19,-23,-25;7
861;0,-19,-23,-25;7
862;0,-18,-23,-25;7
863;0,-23,-25;7
864;15,26,27;0
864;4,15,-25;4
865;15,18,26,27;0
865;4,15,18,-25;4
866;15,19,26,27;0
866;4,15,19,-25;4
867;0,-14,-20,-25;7
868;15,20,26,27;0
868;4,15,20,-25;4
869;0,-14,-19,-25;7
870;0,-14,-18,-25;7
871;0,-14,-25;7
872;15,21,26,27;0
872;12,24,26,27;0
872;5,-22,26,27;2
872;4,15,21,-25;4
872;4,12,24,-25;4
872;4,5,-22,-25;6
872;0,-3,-22,-25;6
873;15,18,21,26,27;0
873;12,18,24,26,27;0
873;5,18,-22,26,27;2
873;4,15,18,21,-25;4
873;4,12,18,24,-25;4
873;4,5,18,-22,-25;6
873;0,-3,18,-22,-25;6
873;0,-19,-20,-22,-25;7
874;15,19,21,26,27;0
874;12,19,24,26,27;0
874;5,19,-22,26,27;2
874;4,15,19,21,-25;4
874;4,12,19,24,-25;4
874;4,5,19,-22,-25;6
874;0,-3,19,-22,-25;6
874;0,-18,-20,-22,-25;7
875;0,-20,-22,-25;7
876;15,20,21,26,27;0
876;12,20,24,26,27;0
876;5,20,-22,26,27;2
876;4,15,20,21,-25;4
876;4,12,20,24,-25;4
876;4,5,20,-22,-25;6
876;0,-3,20,-22,-25;6
876;0,-18,-19,-22,-25;7
877;0,-19,-22,-25;7
878;0,-18,-22,-25;7
879;0,-22,-25;7
880;15,22,26,27;0
880;13,23,26,27;0
880;5,-21,26,27;2
880;4,15,22,-25;4
880;4,13,23,-25;4
880;4,5,-21,-25;6
880;0,-3,-21,-25;6
881;15,18,22,26,27;0
881;13,18,23,26,27;0
881;5,18,-21,26,27;2
881;4,15,18,22,-25;4
881;4,13,18,23,-25;4
881;4,5,18,-21,-25;6
881;0,-3,18,-21,-25;6
881;0,-19,-20,-21,-25;7
882;15,19,22,26,27;0
882;13,19,23,26,27;0
882;5,19,-21,26,27;2
882;4,15,19,22,-25;4
882;4,13,19,23,-25;4
882;4,5,19,-21,-25;6
882;0,-3,19,-21,-25;6
882;0,-18,-20,-21,-25;7
883;0,-20,-21,-25;7
884;15,20,22,26,27;0
884;13,20,23,26,27;0
884;5,20,-21,26,27;2
884;4,15,20,22,-25;4
884;4,13,20,23,-25;4
884;4,5,20,-21,-25;6
884;0,-3,20,-21,-25;6
884;0,-18,-19,-21,-25;7
885;0,-19,-21,-25;7
886;0,-18,-21,-25;7
887;0,-21,-25;7
888;5,26,27;2
888;4,5,-25;6
888;0,-3,-25;6
889;5,18,26,27;2
889;4,5,18,-25;6
889;0,-3,18,-25;6
889;0,-19,-20,-25;7
890;5,19,26,27;2
890;4,5,19,-25;6
890;0,-3,19,-25;6
890;0,-18,-20,-25;7
891;0,-20,-25;7
892;5,20,26,27;2
892;4,5,20,-25;6
892;0,-3,20,-25;6
892;0,-18,-19,-25;7
893;0,-19,-25;7
894;0,-18,-25;7
895;0,-25;7
896;4;4
897;4,18;4
898;4,19;4
899;4,18,19;4
899;3,4,-20;5
899;0,-5,-20;5
900;4,20;4
901;4,18,20;4
901;3,4,-19;5
901;0,-5,-19;5
902;4,19,20;4
902;3,4,-18;5
902;0,-5,-18;5
903;3,4;5
903;0,-5;5
904;4,21;4
905;4,18,21;4
906;4,19,21;4
907;4,18,19,21;4
907;3,4,-20,21;5
907;0,-5,-20,21;5
907;0,-13,-20,-23;7
907;0,-15,-20,-22;7
908;4,20,21;4
909;4,18,20,21;4
909;3,4,-19,21;5
909;0,-5,-19,21;5
909;0,-13,-19,-23;7
909;0,-15,-19,-22;7
910;4,19,20,21;4
910;3,4,-18,21;5
910;0,-5,-18,21;5
910;0,-13,-18,-23;7
910;0,-15,-18,-22;7
911;3,4,21;5
911;0,-5,21;5
911;0,-13,-23;7
911;0,-15,-22;7
912;4,22;4
913;4,18,22;4
914;4,19,22;4
915;4,18,19,22;4
915;3,4,-20,22;5
915;0,-5,-20,22;5
915;0,-12,-20,-24;7
915;0,-15,-20,-21;7
916;4,20,22;4
917;4,18,20,22;4
917;3,4,-19,22;5
917;0,-5,-19,22;5
917;0,-12,-19,-24;7
917;0,-15,-19,-21;7
918;4,19,20,22;4
918;3,4,-18,22;5
918;0,-5,-18,22;5
918;0,-12,-18,-24;7
918;0,-15,-18,-21;7
919;3,4,22;5
919;0,-5,22;5
919;0,-12,-24;7
919;0,-15,-21;7
920;4,14;4
921;4,14,18;4
922;4,14,19;4
923;0,-15,-20;7
924;4,14,20;4
925;0,-15,-19;7
926;0,-15,-18;7
927;0,-15;7
928;4,23;4
929;4,18,23;4
930;4,19,23;4
931;4,18,19,23;4
931;3,4,-20,23;5
931;0,-5,-20,23;5
931;0,-13,-20,-21;7
931;0,-14,-20,-24;7
932;4,20,23;4
933;4,18,20,23;4
933;3,4,-19,23;5
933;0,-5,-19,23;5
933;0,-13,-19,-21;7
933;0,-14,-19,-24;7
934;4,19,20,23;4
934;3,4,-18,23;5
934;0,-5,-18,23;5
934;0,-13,-18,-21;7
934;0,-14,-18,-24;7
935;3,4,23;5
935;0,-5,23;5
935;0,-13,-21;7
935;0,-14,-24;7
936;4,12;4
937;4,12,18;4
938;4,12,19;4
939;0,-13,-20;7
940;4,12,20;4
941;0,-13,-19;7
942;0,-13,-18;7
943;0,-13;7
944;4,22,23;4
945;4,18,22,23;4
946;4,19,22,23;4
947;0,-20,-21,-24;7
948;4,20,22,23;4
949;0,-19,-21,-24;7
950;0,-18,-21,-24;7
951;0,-21,-24;7
952;4,14,23;4
952;4,12,22;4
952;4,5,-24;6
952;0,-3,-24;6
953;4,14,18,23;4
953;4,12,18,22;4
953;4,5,18,-24;6
953;0,-3,18,-24;6
953;0,-19,-20,-24;7
954;4,14,19,23;4
954;4,12,19,22;4
954;4,5,19,-24;6
954;0,-3,19,-24;6
954;0,-18,-20,-24;7
955;0,-20,-24;7
956;4,14,20,23;4
956;4,12,20,22;4
956;4,5,20,-24;6
956;0,-3,20,-24;6
956;0,-18,-19,-24;7
957;0,-19,-24;7
958;0,-18,-24;7
959;0,-24;7
960;4,24;4
961;4,18,24;4
962;4,19,24;4
963;4,18,19,24;4
963;3,4,-20,24;5
963;0,-5,-20,24;5
963;0,-12,-20,-22;7
963;0,-14,-20,-23;7
964;4,20,24;4
965;4,18,20,24;4
965;3,4,-19,24;5
965;0,-5,-19,24;5
965;0,-12,-19,-22;7
965;0,-14,-19,-23;7
966;4,19,20,24;4
966;3,4,-18,24;5
966;0,-5,-18,24;5
966;0,-12,-18,-22;7
966;0,-14,-18,-23;7
967;3,4,24;5
967;0,-5,24;5
967;0,-12,-22;7
967;0,-14,-23;7
968;4,21,24;4
969;4,18,21,24;4
970;4,19,21,24;4
971;0,-20,-22,-23;7
972;4,20,21,24;4
973;0,-19,-22,-23;7
974;0,-18,-22,-23;7
975;0,-22,-23;7
976;4,13;4
977;4,13,18;4
978;4,13,19;4
979;0,-12,-20;7
980;4,13,20;4
981;0,-12,-19;7
982;0,-12,-18;7
983;0,-12;7
984;4,14,24;4
984;4,13,21;4
984;4,5,-23;6
984;0,-3,-23;6
985;4,14,18,24;4
985;4,13,18,21;4
985;4,5,18,-23;6
985;0,-3,18,-23;6
985;0,-19,-20,-23;7
986;4,14,19,24;4
986;4,13,19,21;4
986;4,5,19,-23;6
986;0,-3,19,-23;6
986;0,-18,-20,-23;7
987;0,-20,-23;7
988;4,14,20,24;4
988;4,13,20,21;4
988;4,5,20,-23;6
988;0,-3,20,-23;6
988;0,-18,-19,-23;7
989;0,-19,-23;7
990;0,-18,-23;7
991;0,-23;7
992;4,15;4
993;4,15,18;4
994;4,15,19;4
995;0,-14,-20;7
996;4,15,20;4
997;0,-14,-19;7
998;0,-14,-18;7
999;0,-14;7
1000;4,15,21;4
1000;4,12,24;4
1000;4,5,-22;6
1000;0,-3,-22;6
1001;4,15,18,21;4
1001;4,12,18,24;4
1001;4,5,18,-22;6
1001;0,-3,18,-22;6
1001;0,-19,-20,-22;7
1002;4,15,19,21;4
1002;4,12,19,24;4
1002;4,5,19,-22;6
1002;0,-3,19,-22;6
1002;0,-18,-20,-22;7
1003;0,-20,-22;7
1004;4,15,20,21;4
1004;4,12,20,24;4
1004;4,5,20,-22;6
1004;0,-3,20,-22;6
1004;0,-18,-19,-22;7
1005;0,-19,-22;7
1006;0,-18,-22;7
1007;0,-22;7
1008;4,15,22;4
1008;4,13,23;4
1008;4,5,-21;6
1008;0,-3,-21;6
1009;4,15,18,22;4
1009;4,13,18,23;4
1009;4,5,18,-21;6
1009;0,-3,18,-21;6
1009;0,-19,-20,-21;7
1010;4,15,19,22;4
1010;4,13,19,23;4
1010;4,5,19,-21;6
1010;0,-3,19,-21;6
1010;0,-18,-20,-21;7
1011;0,-20,-21;7
1012;4,15,20,22;4
1012;4,13,20,23;4
1012;4,5,20,-21;6
1012;0,-3,20,-21;6
1012;0,-18,-19,-21;7
1013;0,-19,-21;7
1014;0,-18,-21;7
1015;0,-21;7
1016;4,5;6
1016;0,-3;6
1017;4,5,18;6
1017;0,-3,18;6
1017;0,-19,-20;7
1018;4,5,19;6
1018;0,-3,19;6
1018;0,-18,-20;7
1019;0,-20;7
1020;4,5,20;6
1020;0,-3,20;6
1020;0,-18,-19;7
1021;0,-19;7
1022;0,-18;7
1023;0;7
